0,1,55,20,25
0,2,65,15,20
0,3,80,10,10
0,4,88,7,5
0,5,93,5,2
25,1,45,25,30
25,2,46,27,27
25,3,65,15,20
25,4,72,13,15
25,5,80,10,10
50,1,35,30,35
50,2,47,30,23
50,3,53,30,17
50,4,57,30,13
50,5,60,30,10
75,1,25,30,45
75,2,38,37,25
75,3,39,38,23
75,4,39,39,22
75,5,40,40,20
100,1,22,23,55
100,2,20,20,60
100,3,10,15,75
100,4,3,12,85
100,5,2,8,90